859194
1184251
374847
490899
633148
694429
765177
1111676
768700
1403316
669502
1197325
1415773
591019
415426
262768
2113
1118964
505682
768679
710127
453591
273035
267748
399550
1206109
743965
838561
1276220
59748
37692
1495769
1276227
1276229
315358
477974
186490
768672
272635
743967
243164
412419
384616
1239934
1276246
362837
1056495
999630
322098
666510
419665
515618
420247
1054217
243273
1273541
272632
1246955
1295009
340047
330779
1577791
1006006
272633
1236689
456320
552811
572546
224719
1379702
272631
2162
1316444
79929
521011
216942
243276
224326
1434104
673860
743966
1231626
1072467
600809
673862
1302858
743971
273116
2094
203267
680646
512564
347256
29554
573063
243272
521095
347257
261317
439481
426368
521010
289397
29519
1398491
187101
880724
1410606
314724
187420
272634
410358
2423
75906
230361
1053692
647113
1110509
368407
441768
273075
406327
589924
1531429
523844
459349
309801
511051
434131
413404
1286528
573064
1074889
263820
523846
1029718
259564
339860
191610
572478
222891
262719
333146
767817
990316
1209989
565033
86660
372461
859653
1041504
523794
1432061
1117644
679926
469378
1267001
471855
351160
35623
579137
268739
1408281
113653
699246
1042156
186497
412965
663278
254945
224325
1401328
547558
869209
397948
387631
1301915
243232
868864
760011
933801
203119
224324
1550241
529884
348780
1451189
399549
1650658
443254
546269
697329
1094980
1434103
452471
429572
931626
643648
645991
391036
1423892
360107
326298
273057
351607
429009
1266923
771875
797304
875328
548479
868131
1318466
511995
591001
521674
1333523
273063
246194
593750
188937
1075399
634498
756883
1384484
456442
867904
1208920
1150468
61635
380749
572547
638303
879243
688269
1604004
519442
56956
871738
479434
693661
598659
926571
1434120
1208921
373903
484019
906968
1128398
1600
1434111
1183377
390333
1160721
416348
547559
335541
1042417
1291379
760142
33033
1032069
498761
309798
195522
1033806
391623
712357
1434100
985053
381764
323259
563040
148814
1193729
1201294
206403
640132
858619
759620
679901
575540
1261131
1254439
521460
1330330
53444
1313172
529709
644295
555970
1041930
123214
431947
391009
1505907
1208918
316278
224915
762948
768065
714313
767031
1376
869211
1236517
197221
182217
553174
555079
186490
697281
700015
751944
469382
585425
702459
582419
1208919
562970
309803
1009858
523841
1447715
572479
1297617
1434107
1223515
1389489
1437605
331678
1285583
306537
1433126
368408
864564
1307761
457570
390874
59919
485916
608538
292805
604354
1123384
1434123
658172
300852
756272
1229512
634497
744872
213585
84292
1343739
1407499
69014
485914
797299
1186051
670487
553190
526224
650150
326425
593117
331104
29343
518635
1130798
1216932
530564
349161
76123
476281
660470
1348662
525903
697581
292459
203275
246198
1147128
667014
633147
797303
751945
521045
644284
1434110
1434108
107806
309800
167542
1033837
877455
1236608
1146883
269484
1280380
326424
246273
656519
669041
362948
525284
478009
59374
756499
1377
439292
235279
1200352
272844
264731
205920
334413
888727
868595
52773
517417
70601
1717
243230
525919
1069534
367928
903814
693746
378753
98228
504474
272564
264732
1505596
1519
357808
1224162
1687
243274
515635
163003
1265350
136857
163164
891391
1005090
203907
325775
465515
1162668
1048260
198804
642492
355276
545694
109790
871963
585423
387092
557436
324831
1236908
694430
1408160
100901
290512
1511
1089553
1182571
744985
521097
2325
889378
824
1229831
908937
357809
743525
717231
335992
1002672
416591
59505
272561
862908
1173022
331635
316279
580033
867902
518634
862971
331636
523850
694427
350688
546414
543526
194439
272621
207559
644966
1262449
585394
1150461
937777
860228
290318
515622
679935
227941
309799
1224164
158189
545695
334390
471472
693977
1156937
146827
471856
243161
204536
1143323
1071400
1121362
115713
1229758
36809
903503
212717
926569
720554
701521
869212
544580
351627
517418
936154
758847
32049
195
651182
1661
84588
515620
76936
762550
574087
661478
319795
357244
152331
216432
167539
795359
747365
269800
858215
64471
481448
160490
1714373
580327
637971
203120
35755
1276258
1138822
1276221
452638
85962
145458
1435356
1705
945713
387344
869210
525904
546271
1184267
71999
1274
445932
1492
137591
698758
523849
369723
762051
580340
935198
649638
795797
1254
797210
365659
1163745
1260251
525146
1051074
396588
856793
693978
431943
1041826
171101
36870
583355
662755
1545728
394503
1400053
111781
243275
262316
548476
388919
47678
745776
203123
1266845
1007676
526218
1637999
386415
441771
487521
206672
156978
592029
278197
681645
36868
467705
74547
580331
1450761
1174529
748449
696281
862967
531844
1142394
516051
51663
697303
1074467
1031564
610130
1308
420890
760570
558173
1277257
210007
1205910
221027
208435
190304
267747
374463
42256
391037
161899
272623
243159
317025
226185
574556
1300343
319225
768704
1105113
106634
1304
759913
1121335
1244531
639282
648996
218495
320483
161896
518766
29433
446465
360095
292800
1173263
945021
292800
983544
1404245
212042
1198114
1173025
1182568
314315
637389
696127
886293
901
220668
363253
1076588
28116
557599
313603
457405
74546
981222
33941
1470434
446471
667015
212767
549298
167546
321967
456481
300019
59920
818
40041
683837
1085624
696125
572544
191292
129338
929713
1255043
278137
483547
1703
1408159
243090
754409
1291742
291272
1105110
292564
1284
146891
1348584
749222
589865
865938
743299
521098
246787
1324352
675635
195253
796606
323261
768670
391165
1246
653733
1050174
717773
866536
979556
266117
1345695
13035
32051
1246995
340177
273068
413999
321332
269084
1185653
44742
1690248
156889
1168034
394221
105559
446469
196162
177416
65093
309807
743718
297352
551115
1127134
189918
568814
946483
289376
226186
521096
407035
1226298
568816
944547
383372
716544
571915
927704
1374
56110
446860
709032
688270
883
411154
169963
349519
871968
526226
929506
1150423
349124
192222
590998
572477
1564681
293613
565655
323848
1420917
526222
86416
446462
391616
926550
981539
335543
198467
1094466
867900
288705
1592897
1620392
195103
1249552
261292
1008459
259536
1034807
485915
706587
880072
1454006
634504
1248727
158190
926570
269798
329726
290315
1415775
63186
694431
555778
56780
382640
1618207
44251
34062
221109
1581557
931089
886377
1298593
240427
882
697284
1391653
536227
746697
754477
479436
1469502
403833
649639
1309411
63737
984262
755178
367737
446466
794903
480520
1307839
1528098
1126833
471852
1032480
82654
333849
1538644
484022
1094497
926562
272947
37332
765869
937773
1300150
1051973
643562
1338011
526225
28072
1230341
1420916
261164
189518
1766
169760
1091494
1703
1148
593907
293826
1112204
1337936
458233
46234
1072256
40754
321327
84022
392416
53345
263358
649831
469383
290399
391936
179408
289377
446470
313596
1215343
1579979
227377
227377
644282
293614
717605
203124
1045854
1170562
690850
345632
434922
528191
350058
754476
420246
1346
1520
649349
754476
653045
643867
435590
121292
685727
880070
472759
469371
646529
153948
1771959
76853
1167006
324602
398511
101510
91604
525898
502682
70255
709991
272562
929562
710421
324925
1566358
644283
31964
1341692
1565991
1458425
616991
1479
28031
1191523
314260
315456
1458307
1354275
479431
1385664
1771
398767
1547445
402612
272123
1603606
522772
880073
568703
316067
710685
52
41431
1163617
326427
99598
713585
395494
295405
1768108
762903
488538
1234679
717772
283166
323098
471853
1094489
1288970
315749
1225179
262543
243231
526227
204669
573569
1286
768706
485917
1295
759362
479435
1581680
269799
358681
571913
765910
1005057
393595
1616788
290317
749414
1121088
471854
338963
189426
666509
283942
479433
331113
290400
290633
1616788
395961
246195
655815
338966
1288494
765952
242231
228410
342108
897
700508
1276257
265311
243233
1266925
292415
226900
373994
930169
408015
273121
1136179
577650
204773
743973
866895
1641165
43989
216946
1163748
1268635
452637
177439
640081
1901
448385
580332
760154
86106
279808
929556
65393
914150
96561
1096243
1367477
72758
349741
1133849
477641
376686
398580
755732
512565
401053
1029756
641491
420662
1294273
886882
246196
251221
519441
44574
1379910
1072685
317936
1379270
349102
525897
525909
1384459
379066
557723
926566
272624
265072
583345
582744
246200
535289
1658672
1280
1546149
39960
389348
1227739
633149
1096856
1116391
1430440
1437453
498211
404380
931276
1458426
1196094
93061
926556
335283
760192
479437
991905
1223802
986
1356852
680198
264462
1482
159087
666686
1117647
582402
546263
504
118163
377629
1532555
698738
682795
1150621
1224746
1538553
68570
543877
1658671
351605
1042163
1678129
400092
365044
765912
281309
1007105
634452
111780
572480
698737
134287
859654
1171377
573370
1196031
478801
1199245
489653
323097
58049
1423144
330734
404589
317655
66692
225937
451
122586
1428
502558
103690
316055
666681
391595
1505597
596154
438753
240015
1888
375451
176280
1224163
42253
153496
639283
627192
342451
1379870
1274631
479432
246432
260799
233412
1402135
497965
692420
272568
198094
1003195
522306
234267
1405
1129794
1348774
449
402881
228400
257313
375286
1212491
743722
634177
330214
455488
988812
1453429
38300
523791
1609966
661367
1005058
314225
177437
314722
586416
999552
582899
485918
251229
266779
573061
1088721
1620421
700598
1296990
1579316
391735
401472
1085623
1183438
1408189
690566
1478
1082931
565050
717774
1194526
1278073
190650
1367847
1117319
84531
450851
28173
550540
557598
441620
416269
1408
1231624
1267766
645127
1288
160492
1562970
748247
1609977
1134435
316058
366522
134676
196164
555217
1173027
573065
1608628
2045
927083
1315283
43657
257708
1121353
316056
61015
395965
167879
1192197
135735
418699
47763
83406
339671
196627
365046
296591
648757
643561
413882
1125411
1415166
1202450
28091
103855
83617
269796
272942
1324350
292913
398578
324057
490
1549858
880074
35806
227882
362257
83332
176299
318161
1265309
1247649
128780
446468
213554
80854
318167
414684
313595
504832
435897
471857
710696
2055
449447
1227812
1219058
1768242
233413
743721
66712
1227812
1196095
233316
2371
398579
146923
1131442
680279
33050
76731
43263
257363
76114
686597
1486262
1192854
323850
326297
637905
1262470
983917
761193
1267562
1247726
1348623
1208660
40215
1028800
395495
378806
1150469
1664069
491952
291331
266940
192
316
530584
243277
439375
279113
224308
196600
1437824
529120
1515612
224914
654
37329
187272
243160
568707
272944
1125847
1082933
94624
336407
446692
652620
435591
452662
194963
1214242
1123269
522373
1208324
765911
272943
1045855
121719
553239
1418105
857087
1242245
338969
1179773
85698
673
698761
879274
717785
511
882102
376489
161398
1068978
272560
1079
399739
203122
455632
405948
402626
316275
652
1245469
1484693
211586
243365
1110502
224911
105219
290398
1643450
754523
349521
483219
279238
445710
1051646
1235990
1123366
48664
452652
1445510
1410383
285473
860235
258594
419475
444103
347834
964
208439
747
366394
48
267608
487909
322710
595494
579138
935546
225849
575788
68895
767434
106592
749927
266834
279010
395963
392500
1678028
266264
1449976
1236179
743720
426117
666685
1141883
426355
394
43658
311402
100226
460265
342610
270351
93220
338187
376
1355015
357804
392499
1178482
891974
1349767
487316
693973
90270
228405
595537
1219076
871585
223283
1249668
1926
80852
298386
1267021
1144275
28095
223926
71421
314282
190485
765698
676
1379159
714
589873
1037409
1440763
246197
862719
470
190893
1245471
312309
528244
703
221988
316
380703
732
1707785
1316932
343509
45658
425104
123899
157783
382245
158500
56458
205918
216142
160488
406818
198620
82985
230089
294
296
384676
351671
983594
1294143
1114970
208964
1124983
1354304
1301098
1028989
634503
47885
658445
29486
665029
1239307
214092
198628
1441930
300267
561230
930944
82983
1484157
393305
47917
61652
61648
549
1028307
1125630
220341
1076550
634500
99287
399742
28141
198214
158822
706191
701347
1235834
511145
1333848
716541
35703
1133852
685038
61647
1151116
585056
386585
585057